9.13 14.77 7602.8
19.78 14.21 4930.4
51.43 66.35 4286.5
10.19 12.41 4042.5
42.42 70.77 3215.2
20.98 11.14 3111.3
72.17 93.31 3039.7
84.99 48.24 3034.5
9.33 71.37 2889.9
98.19 83.00 2708.1
90.49 94.72 2510.1
27.14 75.43 2196.4
78.39 18.55 2129.9
62.96 53.95 2010.7
9.52 81.05 1975.5
40.19 1.38 1996.1
60.84 8.01 1838.0
18.50 41.61 1760.2
75.48 50.44 1679.1
87.73 76.26 1675.8
42.79 62.75 1648.9
87.20 13.20 1642.6
73.37 23.84 1623.4
16.75 59.43 1608.3
19.56 18.95 1617.0
77.70 64.91 1577.0
30.34 19.84 1432.5
33.00 67.24 1415.5
25.87 32.77 1377.9
43.50 17.43 1371.6
90.97 5.03 1349.8
67.54 33.42 1338.8
89.56 89.54 1288.5
68.21 86.49 1269.3
73.38 82.15 1247.8
72.28 85.59 1228.1
50.51 39.39 1208.3
56.05 53.08 1180.9
98.87 74.22 1147.5
29.82 31.72 1146.4
5.20 35.67 1122.8
6.11 55.30 1093.7
64.74 7.02 1036.8
85.80 26.57 1022.3
86.36 20.48 999.2
20.20 61.73 1027.4
87.98 36.47 965.8
68.80 43.63 953.8
19.29 59.43 917.8
72.08 46.55 921.1
7.41 79.36 932.2
62.48 94.38 878.8
73.99 26.44 875.5
30.69 25.02 877.1
52.34 56.30 860.3
56.30 49.51 850.3
22.71 55.56 854.2
73.03 1.60 851.7
70.73 28.45 814.8
46.75 90.43 814.3
81.38 6.85 813.1
48.25 8.19 813.5
2.38 88.80 802.2
27.13 95.52 801.6
69.75 22.41 796.3
46.86 48.90 755.3
0.37 25.70 723.3
1.08 79.55 323.3
3.65 84.78 264.3
9.44 1.38 223.7
70.52 99.47 208.4
12.43 1.83 169.8
1.39 75.96 176.3
1.57 68.16 167.7
5.17 80.86 135.5
7.58 96.22 137.4
1.94 53.44 149.3
92.51 97.81 147.4
97.37 68.13 144.0
27.19 4.56 139.4
2.27 63.05 137.5
