18.68 42.40 56385.2
39.70 72.72 18366.9
43.66 24.79 12801.6
14.18 8.50 10607.8
70.75 14.54 10314.6
20.39 53.15 10181.5
39.44 79.86 9881.9
11.57 63.33 9739.2
84.32 26.45 8821.5
16.57 81.35 8765.0
60.48 77.33 8161.7
25.88 38.99 8122.3
42.55 92.57 7636.3
63.32 23.23 7482.5
43.10 98.73 7175.6
72.07 44.10 6838.0
93.76 34.44 6580.0
92.03 51.72 6573.3
67.78 32.02 6551.4
57.04 65.25 6408.4
81.67 39.39 6014.6
67.63 93.54 6204.0
2.00 53.74 5877.3
47.22 20.68 5869.0
77.32 26.35 5745.4
77.94 35.30 5813.9
58.59 35.87 5794.1
42.92 16.21 5287.5
43.10 55.44 5360.7
24.52 10.66 5289.3
22.63 60.57 5132.2
27.03 84.73 5286.2
96.40 1.55 5274.2
91.16 27.89 5116.9
91.35 56.55 4964.8
45.18 6.34 4977.9
85.71 71.74 4989.1
85.26 29.26 5005.6
63.17 75.45 4964.8
16.21 13.36 4933.9
22.89 80.74 4926.9
4.47 2.82 4784.8
90.47 0.94 4803.5
82.76 19.25 4772.4
59.51 71.14 4621.2
62.30 94.21 4572.7
96.60 90.20 4461.0
49.19 44.40 4230.0
58.73 57.27 4274.7
62.19 25.97 4215.1
93.60 23.86 4230.3
8.41 91.61 4224.1
35.95 28.06 4205.7
36.96 50.67 4160.5
97.40 35.77 4106.9
13.87 32.89 4059.1
29.56 14.04 4083.2
90.11 10.63 4057.8
29.44 37.63 4013.8
65.25 85.29 3955.5
24.97 62.44 3919.0
69.62 96.74 3920.4
90.41 88.24 3943.2
45.06 2.79 3894.7
49.93 82.52 3836.0
98.74 48.16 3800.1
98.88 5.76 3811.9
71.01 62.82 3795.0
99.42 80.49 3761.4
57.31 47.09 3719.1
41.37 19.66 3713.2
83.38 15.69 3708.9
69.27 2.37 3691.5
80.43 48.95 3662.0
19.11 79.98 3669.4
93.97 99.30 3629.8
64.69 53.85 3559.3
10.91 2.54 3546.7
8.01 33.24 3517.2
90.95 16.15 3512.5
79.84 89.52 3513.4
29.49 97.18 3451.6
64.83 63.47 3422.7
71.68 17.74 3431.1
22.48 8.66 3376.2
86.86 87.45 3398.3
82.81 66.68 3252.7
4.71 36.48 3380.9
76.08 5.89 3355.8
95.21 47.61 3217.3
40.73 32.22 3188.6
76.92 49.47 3107.1
54.78 20.27 3102.2
41.65 37.19 3122.5
16.51 38.19 3092.9
36.63 46.78 3107.6
1.06 47.08 3113.9
85.71 76.12 2954.1
37.48 4.60 2982.5
80.46 1.85 2897.0
46.84 45.46 2947.8
85.64 43.15 2839.7
24.91 52.88 2887.0
71.68 48.80 2878.1
96.78 61.82 2858.1
59.32 32.02 2881.2
99.63 18.32 2790.7
66.21 66.38 2888.1
12.89 76.09 2855.4
32.97 71.28 2636.8
22.28 96.03 2810.8
15.57 49.77 2835.3
53.49 31.89 2681.7
26.27 24.37 2791.7
74.71 98.35 2745.0
33.88 10.30 2712.3
13.12 90.76 2633.9
1.06 24.33 2721.4
83.24 73.64 2644.4
11.02 95.84 2688.9
88.36 34.80 2677.1
84.93 65.68 2694.1
3.97 62.73 2635.0
75.20 18.58 2642.5
24.73 19.98 2630.5
11.01 87.28 2640.7
52.68 93.65 2549.5
92.99 29.57 2690.6
91.07 7.51 2619.1
75.02 54.21 2606.9
20.88 87.86 2573.8
22.67 85.01 2578.5
2.34 99.26 2608.9
20.59 69.27 2568.3
63.39 34.64 2580.1
69.75 80.37 2558.6
76.29 38.65 2520.1
83.19 30.86 2503.8
70.10 93.58 2583.1
64.97 2.59 2493.7
1.99 73.37 2488.9
55.36 33.32 2548.0
2.19 96.79 2422.6
12.97 70.13 2433.4
66.24 48.94 2454.5
44.10 95.88 2417.9
21.13 2.79 2377.2
31.07 19.57 2344.5
95.61 33.14 2463.9
96.54 98.75 2328.3
87.18 40.88 2331.5
65.01 72.51 2388.2
18.51 5.06 2374.9
15.80 74.25 2338.6
68.34 83.99 2331.9
8.50 63.46 2322.2
62.89 19.49 2286.0
50.24 8.64 2296.5
17.75 2.43 2293.0
82.71 37.73 2384.5
59.76 15.67 2292.8
83.13 88.03 2255.5
31.17 1.17 2235.9
56.26 25.55 2211.3
3.77 45.34 2160.0
74.09 93.74 2197.6
50.61 58.85 2157.5
67.93 25.80 2163.2
53.91 18.17 2165.8
25.55 96.32 2171.0
47.79 73.78 2158.1
72.14 65.37 2173.6
54.62 94.42 2195.1
8.23 51.45 2152.0
18.32 98.61 2147.9
74.14 1.05 2131.9
33.11 30.24 2059.2
72.75 78.35 2078.5
76.39 67.33 2117.5
58.17 73.23 2108.1
51.01 5.96 2103.6
59.40 48.79 2135.6
85.46 33.20 2042.9
74.72 44.54 2059.6
46.96 35.87 2039.5
81.20 75.69 2032.8
3.33 84.27 2045.4
8.22 84.48 2052.7
75.99 41.73 2028.1
87.42 83.09 2030.8
14.43 62.71 2027.5
72.50 68.30 2017.0
99.61 72.67 1970.5
28.23 61.44 1993.5
30.50 93.60 2023.6
8.86 12.78 1958.1
45.03 16.86 2029.0
46.71 86.90 1916.1
2.59 12.52 1970.8
77.98 84.84 1997.9
81.54 93.28 1978.2
72.34 54.39 1918.6
74.96 77.75 1988.6
59.21 80.35 1965.2
29.64 45.22 1989.8
80.94 60.21 1960.8
33.07 93.04 1937.8
37.66 98.42 2080.8
67.48 44.84 1937.6
94.52 5.29 1928.5
52.65 40.36 1926.7
82.66 55.07 1947.6
67.03 77.13 1917.0
99.20 97.62 1903.4
39.01 89.38 1962.6
62.88 15.94 1898.6
35.18 2.16 1881.7
19.99 22.32 1863.8
14.78 52.76 1899.9
28.89 69.67 1906.6
37.43 73.02 1887.0
75.15 47.75 1912.8
2.52 4.88 1804.8
20.37 47.03 1820.7
77.41 94.04 1816.2
70.87 8.09 1802.3
5.60 92.45 1799.1
64.04 46.62 1803.6
86.20 50.98 1843.4
12.24 4.61 1810.2
35.42 79.50 1781.2
33.90 48.04 1790.2
41.75 29.32 1782.8
59.13 23.14 1765.8
14.83 6.20 1791.2
55.60 89.37 1802.3
98.89 77.64 1768.7
91.68 43.73 1731.5
64.10 43.66 1738.1
42.63 34.41 1733.6
17.98 33.71 1699.3
21.54 11.84 1692.3
2.40 77.68 1706.9
55.20 85.72 1688.8
91.40 59.40 1663.4
64.89 90.49 1691.7
17.73 55.58 1669.5
5.01 79.37 1681.6
77.26 24.09 1726.3
1.49 81.96 1641.0
42.40 39.61 1669.4
29.82 8.40 1681.3
77.48 9.65 1658.3
40.90 8.52 1635.0
35.89 97.08 1565.4
89.95 55.16 1716.7
36.79 90.18 1600.2
13.17 81.09 1604.3
53.39 88.76 1564.8
42.92 51.99 1604.4
15.44 46.17 1616.6
95.18 69.89 1594.6
31.20 71.35 1647.1
36.75 53.20 1596.6
71.61 34.95 1561.9
56.55 44.62 1578.7
26.74 9.49 1611.3
42.78 46.33 1555.7
54.35 29.49 1531.2
36.07 68.02 1549.8
73.64 75.08 1521.2
45.33 71.25 1534.8
20.53 36.43 1530.4
40.90 84.47 1531.8
70.54 71.37 1547.9
48.42 88.77 1555.1
24.39 59.36 1611.4
8.61 57.56 1529.3
89.21 13.41 1500.9
43.96 66.31 1510.9
87.05 48.57 1504.7
52.79 59.61 1510.2
55.96 60.27 1473.4
4.48 66.36 1506.3
32.81 57.37 1476.2
51.44 85.58 1477.9
63.02 69.35 1447.7
34.44 23.75 1475.2
96.25 95.65 1453.8
22.21 24.39 1447.9
70.19 10.92 1440.1
60.71 40.40 1455.3
38.71 28.49 1426.8
89.50 21.24 1431.8
6.04 43.86 1421.5
67.18 39.49 1424.7
24.66 5.58 1409.8
77.08 72.77 1418.6
79.22 22.02 1417.5
40.18 48.96 1404.4
82.18 64.54 1449.2
20.43 60.06 1294.4
18.58 9.66 1393.8
64.23 13.51 1421.6
10.53 9.94 1405.8
87.04 46.13 1353.2
86.85 98.83 1392.6
15.93 42.15 1593.1
51.39 36.79 1363.4
95.87 50.67 1374.6
73.42 39.13 1360.3
84.27 22.29 1346.6
36.68 8.95 1341.9
14.36 57.07 1311.8
80.06 55.58 1337.8
95.30 7.78 1348.7
97.48 41.55 1324.5
45.02 12.46 1315.7
34.42 39.63 1345.3
48.59 29.09 1293.1
49.36 66.79 1320.3
7.99 5.86 1281.0
70.04 23.23 1234.4
64.10 26.08 1198.0
46.01 29.59 1284.8
24.11 1.35 1256.4
6.82 25.13 1267.1
21.68 58.37 1347.6
6.29 98.00 1268.1
83.66 9.00 1257.4
99.13 16.02 1383.7
35.80 20.40 1233.9
36.24 60.43 1262.4
68.59 73.67 1245.1
31.21 29.79 1250.4
94.85 73.24 1247.4
55.55 82.52 1269.9
71.48 31.80 1249.8
72.66 23.24 1208.7
66.17 19.46 1239.1
29.54 83.14 1222.7
67.17 41.79 1210.6
70.61 41.83 1216.9
11.65 48.00 1207.3
32.21 45.62 1249.1
34.58 37.42 1178.9
46.20 40.49 1233.2
24.50 68.15 1204.4
55.92 11.07 1206.9
24.68 28.82 1214.8
57.64 6.05 1192.7
93.23 77.62 1208.9
82.44 35.05 1318.3
86.78 67.29 1156.6
15.65 17.46 1199.8
13.00 67.45 1151.4
32.59 74.56 1155.2
87.07 95.52 1198.8
38.69 20.83 1190.5
77.13 75.80 1232.1
15.66 30.26 1122.0
3.57 42.06 1132.5
10.03 37.26 1134.8
19.68 74.10 1146.7
50.41 73.06 1175.4
28.86 24.53 1116.8
55.19 98.40 1218.8
79.84 41.19 1083.9
57.49 77.22 1135.3
20.50 16.13 1110.4
38.84 1.93 1118.0
57.95 2.76 1081.6
5.51 31.58 1163.9
73.12 85.07 1102.7
88.81 75.68 1116.8
4.38 69.51 1115.0
10.38 93.17 1132.2
30.22 40.11 1091.9
42.15 11.57 1074.7
5.85 47.86 1084.6
91.17 83.44 1076.8
15.76 69.67 1065.6
47.90 52.68 1084.1
61.60 2.89 1064.8
45.77 33.30 1027.2
62.25 86.04 1049.4
85.20 80.34 1068.7
77.79 82.58 1037.2
7.96 45.85 1022.3
48.49 63.32 1057.9
47.71 5.76 1112.6
58.81 97.19 1001.9
68.88 69.16 1038.1
2.79 15.79 995.3
3.31 51.31 1078.7
48.05 2.81 1050.6
48.06 15.54 1047.3
23.10 14.21 1016.3
41.77 4.36 1007.8
1.81 9.87 1004.1
50.23 0.96 1009.5
10.70 24.82 1002.6
91.58 47.79 1013.1
22.32 18.01 1015.5
94.59 38.06 1026.2
88.74 24.04 983.8
96.00 27.32 964.5
51.95 64.03 974.9
80.94 24.81 901.3
63.01 6.38 956.1
48.41 85.10 1003.6
51.78 50.12 943.6
2.47 29.36 979.8
48.12 24.11 903.3
58.96 54.78 905.6
33.37 76.62 934.3
21.89 40.51 788.8
47.52 56.91 912.3
9.59 70.33 921.0
99.17 57.21 900.5
32.81 64.46 870.3
58.13 39.16 832.4
1.45 93.57 851.8
13.24 39.20 854.8
57.51 18.42 823.2
